0.jpg 0 204 637 78 1
1.jpg 0 204 637 80 1
10.jpg 0 164 587 87 1
1258.jpg 0 99 637 241 0
1259.jpg 0 100 638 242 0
1260.jpg 0 100 637 240 0
1261.jpg 0 100 637 240 0
13.jpg 0 148 587 82 1
1311.jpg 0 64 638 297 0
1312.jpg 0 67 638 295 0
1313.jpg 0 65 638 296 0
1314.jpg 0 65 638 296 0
1315.jpg 0 65 638 296 0
1316.jpg 0 66 638 295 0
1317.jpg 0 67 638 298 0
1318.jpg 0 70 638 291 0
1319.jpg 0 64 638 299 0
1320.jpg 0 160 637 159 0
1321.jpg 0 160 637 159 0
1322.jpg 0 160 637 159 0
1323.jpg 0 160 637 160 0
1324.jpg 0 160 637 159 0
1325.jpg 0 161 637 159 0
1326.jpg 0 159 637 160 0
1327.jpg 0 161 637 159 0
1328.jpg 0 161 637 159 0
1329.jpg 0 161 637 157 0
1330.jpg 0 161 637 160 0
1331.jpg 0 160 637 160 0
1332.jpg 0 161 637 159 0
1333.jpg 0 161 637 160 0
1334.jpg 0 161 637 158 0
1335.jpg 0 162 637 158 0
1336.jpg 0 160 637 160 0
1337.jpg 0 160 637 160 0
1338.jpg 0 161 637 157 0
1339.jpg 0 161 637 159 0
1340.jpg 0 149 636 181 0
1341.jpg 0 151 636 178 0
1342.jpg 0 151 635 178 0
1343.jpg 0 151 635 178 0
1344.jpg 0 150 635 178 0
1345.jpg 0 151 635 180 0
1346.jpg 0 151 635 179 0
1347.jpg 0 151 635 178 0
1348.jpg 0 150 635 179 0
1349.jpg 0 153 635 174 0
1350.jpg 1 135 638 197 0
1351.jpg 1 136 638 199 0
1352.jpg 1 136 638 198 0
1353.jpg 1 136 638 196 0
1354.jpg 1 136 638 198 0
1355.jpg 1 136 638 196 0
1356.jpg 1 135 638 197 0
1357.jpg 1 136 638 200 0
1358.jpg 1 136 638 198 0
1359.jpg 1 134 638 200 0
1360.jpg 1 137 638 196 0
1361.jpg 1 134 638 201 0
1362.jpg 1 135 638 199 0
1363.jpg 1 135 638 199 0
1364.jpg 1 135 638 200 0
1365.jpg 1 136 638 201 0
1366.jpg 1 135 638 199 0
1367.jpg 1 137 638 196 0
1368.jpg 1 134 638 199 0
1369.jpg 1 135 638 199 0
1370.jpg 1 134 638 198 0
1371.jpg 1 135 638 198 0
1372.jpg 1 133 638 201 0
1373.jpg 1 133 638 203 0
1374.jpg 1 135 638 198 0
1375.jpg 1 134 638 199 0
1376.jpg 1 136 638 198 0
1377.jpg 1 137 638 195 0
1378.jpg 1 133 638 201 0
1379.jpg 1 135 638 199 0
1380.jpg 1 136 638 197 0
1381.jpg 1 122 638 224 0
1382.jpg 1 123 638 219 0
1383.jpg 1 123 639 220 0
1384.jpg 1 124 638 219 0
1385.jpg 1 123 639 220 0
1386.jpg 1 119 638 223 0
1387.jpg 1 123 639 220 0
1388.jpg 1 122 639 222 0
1389.jpg 1 121 639 223 0
1390.jpg 1 118 639 225 0
1391.jpg 1 121 638 222 0
1392.jpg 1 121 639 223 0
1393.jpg 1 119 639 224 0
1394.jpg 0 121 638 223 0
1395.jpg 1 118 639 225 0
1396.jpg 1 119 638 223 0
1397.jpg 1 120 638 223 0
1398.jpg 1 120 638 223 0
1399.jpg 1 121 638 223 0
1400.jpg 1 120 639 225 0
1401.jpg 1 121 638 221 0
1402.jpg 1 120 639 224 0
1403.jpg 0 119 638 226 0
1404.jpg 1 119 639 223 0
1405.jpg 1 120 638 221 0
1406.jpg 1 121 638 221 0
1407.jpg 1 120 638 222 0
1408.jpg 1 121 639 221 0
1409.jpg 1 103 638 252 0
1410.jpg 1 105 638 247 0
1411.jpg 1 103 638 250 0
1412.jpg 1 105 638 248 0
1413.jpg 1 105 638 247 0
1414.jpg 1 105 638 248 0
1415.jpg 1 105 638 248 0
1416.jpg 1 107 638 245 0
1417.jpg 1 105 638 251 0
1418.jpg 1 106 638 246 0
1419.jpg 1 106 638 247 0
1420.jpg 1 104 638 250 0
1421.jpg 1 106 638 248 0
1422.jpg 1 109 638 248 0
1423.jpg 1 111 638 250 0
1424.jpg 1 112 638 247 0
1425.jpg 1 110 638 250 0
1426.jpg 1 110 638 249 0
1427.jpg 1 108 638 252 0
1428.jpg 1 108 638 251 0
1429.jpg 1 109 638 250 0
1430.jpg 1 106 638 253 0
1431.jpg 1 110 638 249 0
1432.jpg 1 110 638 250 0
1433.jpg 1 110 638 250 0
1434.jpg 1 103 638 255 0
1435.jpg 1 108 638 251 0
1436.jpg 1 111 638 248 0
1437.jpg 1 111 638 248 0
1438.jpg 1 110 638 250 0
1439.jpg 1 109 638 250 0
1440.jpg 1 109 638 250 0
1441.jpg 1 106 638 252 0
1442.jpg 1 107 638 251 0
1443.jpg 1 108 638 251 0
1444.jpg 1 110 638 249 0
1445.jpg 1 112 638 247 0
1446.jpg 1 104 638 255 0
1447.jpg 1 110 638 249 0
1448.jpg 1 100 638 266 0
1449.jpg 1 99 638 266 0
1450.jpg 1 101 638 266 0
1451.jpg 1 97 638 268 0
1452.jpg 1 99 638 268 0
1453.jpg 1 101 638 264 0
1454.jpg 1 98 638 268 0
1455.jpg 1 98 638 269 0
1456.jpg 1 97 638 265 0
1457.jpg 1 102 638 265 0
1458.jpg 1 98 638 270 0
1459.jpg 1 98 638 268 0
1460.jpg 1 101 638 266 0
1461.jpg 1 97 638 268 0
1462.jpg 1 102 638 262 0
1463.jpg 1 98 638 268 0
1464.jpg 1 101 638 264 0
1465.jpg 1 97 638 269 0
1466.jpg 1 102 638 262 0
1467.jpg 1 96 638 269 0
1468.jpg 1 98 638 267 0
1469.jpg 1 99 638 268 0
1470.jpg 1 98 638 266 0
1471.jpg 1 99 638 269 0
1472.jpg 1 101 638 264 0
1473.jpg 1 100 638 264 0
1474.jpg 1 97 638 269 0
1475.jpg 1 101 638 266 0
1476.jpg 1 101 638 265 0
1477.jpg 1 99 638 265 0
1478.jpg 1 91 638 283 0
1479.jpg 1 93 638 283 0
1480.jpg 1 91 638 280 0
1481.jpg 1 89 638 286 0
1482.jpg 1 94 638 283 0
1483.jpg 1 89 638 286 0
1484.jpg 0 87 638 284 0
1485.jpg 1 89 638 283 0
1486.jpg 1 89 638 284 0
1487.jpg 1 91 638 282 0
1488.jpg 1 91 638 283 0
1489.jpg 1 89 638 286 0
1490.jpg 1 87 638 284 0
1491.jpg 1 90 638 284 0
1492.jpg 0 90 638 278 0
1493.jpg 0 84 638 285 0
1494.jpg 1 92 638 278 0
1495.jpg 0 85 638 286 0
1496.jpg 0 84 638 286 0
1497.jpg 0 84 638 286 0
1498.jpg 1 92 638 284 0
1499.jpg 1 91 638 279 0
1500.jpg 1 92 638 284 0
1501.jpg 1 89 638 284 0
1502.jpg 1 88 638 289 0
1503.jpg 1 92 639 283 0
1504.jpg 1 89 638 285 0
1505.jpg 1 89 638 286 0
1506.jpg 1 93 638 281 0
1519.jpg 1 73 638 317 0
1520.jpg 1 74 638 315 0
1521.jpg 1 66 638 334 0
1522.jpg 1 68 638 334 0
1523.jpg 1 69 638 330 0
1524.jpg 1 69 638 330 0
1525.jpg 1 68 638 332 0
1526.jpg 1 68 638 332 0
1527.jpg 0 167 638 155 0
1528.jpg 0 165 638 156 0
1529.jpg 0 166 638 155 0
1530.jpg 0 166 638 154 0
1531.jpg 0 169 637 144 0
1532.jpg 0 169 637 141 0
1533.jpg 0 159 638 155 0
1534.jpg 0 149 638 170 0
1535.jpg 0 148 638 173 0
1536.jpg 0 147 638 173 0
1537.jpg 0 137 638 189 0
1538.jpg 0 136 638 191 0
1539.jpg 0 134 638 194 0
1540.jpg 0 130 638 200 0
1541.jpg 0 128 638 203 0
1542.jpg 0 124 638 215 0
1543.jpg 0 120 638 218 0
1544.jpg 0 120 638 219 0
1545.jpg 0 121 638 218 0
1546.jpg 0 102 638 246 0
1547.jpg 0 99 638 250 0
1548.jpg 0 95 638 254 0
1549.jpg 0 98 638 253 0
1550.jpg 0 79 638 284 0
1551.jpg 0 65 638 306 0
1565.jpg 0 284 587 81 1
1566.jpg 2 281 638 79 1
1567.jpg 2 280 638 81 1
1568.jpg 0 269 588 79 1
1569.jpg 0 269 588 79 1
1570.jpg 0 262 638 85 1
1571.jpg 2 251 638 77 1
1572.jpg 0 244 637 81 1
1573.jpg 0 239 637 78 1
1574.jpg 0 234 587 75 1
1639723148.jpg 0 128 638 163 0
1639723149.jpg 0 128 638 164 0
1639723150.jpg 0 128 638 163 0
1639723151.jpg 0 128 638 162 0
1639723152.jpg 0 128 638 165 0
1639723153.jpg 0 128 638 163 0
1639723154.jpg 0 127 638 165 0
1639723155.jpg 0 127 638 164 0
1639723156.jpg 0 128 638 165 0
1639723157.jpg 0 127 638 164 0
1639723179.jpg 1 119 638 179 0
1639723180.jpg 1 120 638 178 0
1639723181.jpg 1 120 638 180 0
1639723182.jpg 1 113 639 190 0
1639723183.jpg 1 110 639 194 0
1639723184.jpg 1 110 638 194 0
1639723185.jpg 1 110 638 194 0
1639723186.jpg 1 108 639 197 0
1639723187.jpg 1 104 638 207 0
1639723188.jpg 0 95 638 214 0
1639723189.jpg 0 95 638 214 0
1639723190.jpg 1 104 638 206 0
1639723191.jpg 1 111 638 196 0
1639723192.jpg 1 110 638 190 0
1639723193.jpg 1 110 638 192 0
1639723194.jpg 0 125 638 170 0
1639723195.jpg 0 122 637 169 0
1639723196.jpg 0 143 637 134 0
1639723198.jpg 2 153 637 121 0
1639723200.jpg 0 132 637 150 0
1639723201.jpg 0 122 638 168 0
1639723202.jpg 0 117 638 187 0
1639723203.jpg 0 127 638 182 0
1639723204.jpg 0 119 638 197 0
1639723205.jpg 0 120 638 195 0
1639723206.jpg 0 99 637 225 0
1639723207.jpg 0 101 638 236 0
1639723208.jpg 0 122 638 193 0
1639723209.jpg 0 128 638 186 0
1639723210.jpg 0 145 637 149 0
1639723211.jpg 0 165 637 116 0
1639723212.jpg 0 178 637 76 1
1639723217.jpg 0 173 637 74 1
1639723218.jpg 0 162 637 122 0
1639723219.jpg 0 142 638 153 0
1639723220.jpg 0 134 638 179 0
1639723221.jpg 0 141 638 175 0
1639723222.jpg 0 147 638 157 0
1639723223.jpg 0 137 638 179 0
1639723224.jpg 0 121 638 201 0
1639723225.jpg 0 119 638 212 0
1639723226.jpg 0 118 638 219 0
1639723227.jpg 0 128 638 205 0
1639723228.jpg 0 113 638 230 0
1639723229.jpg 0 133 638 194 0
1639723230.jpg 0 151 638 164 0
1639723231.jpg 0 155 638 164 0
1639723232.jpg 0 164 637 155 0
1639723233.jpg 0 170 637 143 0
1639723234.jpg 0 173 637 141 0
1639723235.jpg 0 176 637 131 0
1639723236.jpg 0 184 637 119 0
1639723238.jpg 0 179 638 112 0
1639723239.jpg 0 174 635 122 0
1639723240.jpg 0 166 632 140 0
1639723241.jpg 0 162 629 149 0
1639723242.jpg 0 159 631 155 0
1639723243.jpg 0 168 638 141 0
1639723245.jpg 0 176 637 111 0
1639723246.jpg 0 172 588 76 1
1639723248.jpg 0 154 638 162 0
1639723249.jpg 0 152 637 162 0
1639723250.jpg 1 151 637 165 0
1639723251.jpg 0 154 637 152 0
1639723253.jpg 1 166 638 126 0
1639723254.jpg 1 145 638 160 0
1639723255.jpg 0 131 638 176 0
1639723256.jpg 0 170 637 133 0
1639723257.jpg 0 199 587 76 1
1639723259.jpg 0 174 638 137 0
1639723260.jpg 0 162 638 154 0
1639723261.jpg 0 149 637 169 0
1639723262.jpg 0 147 637 176 0
1639723263.jpg 0 146 638 175 0
1639723264.jpg 0 173 638 142 0
1639723266.jpg 0 176 638 142 0
1639723267.jpg 0 207 637 72 1
1639723269.jpg 1 212 636 81 1
1639723270.jpg 6 202 631 114 0
1639723271.jpg 11 201 626 120 0
1639723272.jpg 11 200 627 120 0
1639723274.jpg 0 129 637 214 0
1639723275.jpg 0 132 636 212 0
1639723530.jpg 0 148 637 71 1
1639723531.jpg 0 147 637 76 1
1639723532.jpg 0 147 637 77 1
1639723535.jpg 0 147 587 77 1
1639723536.jpg 0 147 637 75 1
1639723537.jpg 0 148 588 80 1
1639723541.jpg 0 126 637 140 0
1639723542.jpg 0 122 637 154 0
1639723543.jpg 0 124 637 151 0
1639723544.jpg 0 127 637 145 0
1639723545.jpg 0 126 637 146 0
1639723546.jpg 9 139 628 137 0
1639723547.jpg 4 124 633 153 0
1639723548.jpg 0 103 637 182 0
1639723549.jpg 0 107 638 176 0
1639723550.jpg 0 108 637 177 0
1639723551.jpg 0 108 637 176 0
1639723552.jpg 0 109 638 175 0
1639723553.jpg 0 108 638 176 0
1639723554.jpg 0 108 637 176 0
1639723555.jpg 0 107 637 178 0
1639723556.jpg 0 107 638 179 0
1639723589.jpg 0 113 637 171 0
1639723590.jpg 0 107 637 178 0
1639723591.jpg 0 106 637 178 0
1639723592.jpg 0 107 637 178 0
1639723593.jpg 0 107 637 179 0
1639723594.jpg 0 106 637 177 0
1639723595.jpg 4 116 633 162 0
1639723596.jpg 0 75 637 252 0
1639723597.jpg 1 82 636 237 0
1639723598.jpg 2 85 635 241 0
1639723599.jpg 1 73 638 256 0
1639723600.jpg 1 71 638 245 0
1639723601.jpg 1 82 638 230 0
1639723602.jpg 1 73 638 240 0
1639723603.jpg 1 77 638 230 0
1639723604.jpg 1 74 638 227 0
1639723605.jpg 0 75 638 237 0
1639723606.jpg 1 69 638 244 0
1639723607.jpg 1 69 638 243 0
1639723608.jpg 1 73 638 239 0
1639723609.jpg 1 71 638 241 0
1639723610.jpg 1 70 638 243 0
1639723611.jpg 1 95 638 228 0
1639723612.jpg 0 91 637 229 0
1639723613.jpg 0 90 637 233 0
1639723614.jpg 1 74 638 234 0
1639723615.jpg 1 75 638 237 0
1639723616.jpg 1 111 638 237 0
1639723617.jpg 1 147 638 186 0
1639723618.jpg 1 144 638 189 0
1639723619.jpg 1 147 638 187 0
1639723620.jpg 0 157 638 167 0
1639723621.jpg 0 165 637 152 0
1639723622.jpg 0 165 637 151 0
1639723623.jpg 0 165 637 153 0
1639723624.jpg 0 163 638 154 0
1639723625.jpg 0 163 638 154 0
1639723626.jpg 0 170 638 141 0
1639723627.jpg 0 184 638 114 0
1639723628.jpg 0 185 638 113 0
1639723629.jpg 0 195 587 76 1
1639723630.jpg 0 193 587 86 1
1639723631.jpg 0 166 637 143 0
1639723632.jpg 0 149 638 172 0
1639723633.jpg 0 155 637 176 0
1639723634.jpg 0 152 638 172 0
1639723635.jpg 2 138 637 207 0
1639723636.jpg 0 128 638 223 0
1639723637.jpg 0 133 638 220 0
1639723638.jpg 0 128 638 225 0
1639723639.jpg 0 126 637 240 0
1639723640.jpg 0 130 637 234 0
1639723641.jpg 0 128 637 234 0
1639723642.jpg 0 126 638 241 0
1639723643.jpg 0 115 638 257 0
1639723644.jpg 0 121 638 252 0
1639723645.jpg 0 101 638 281 0
1639723646.jpg 0 94 638 290 0
1639723647.jpg 1 84 637 325 0
1639723648.jpg 0 89 638 311 0
1639723649.jpg 0 101 637 285 0
1639723650.jpg 0 106 637 283 0
1639723651.jpg 0 104 637 286 0
1639723652.jpg 0 101 638 286 0
1639723653.jpg 0 85 638 282 0
1639723654.jpg 0 111 637 276 0
1639723655.jpg 0 111 637 278 0
1639723656.jpg 0 116 637 267 0
1639723657.jpg 0 129 637 246 0
1639723658.jpg 0 131 637 245 0
1639723659.jpg 0 129 637 245 0
1639723660.jpg 0 132 637 242 0
1639723661.jpg 0 130 637 248 0
1639723662.jpg 0 143 638 224 0
1639723663.jpg 0 167 638 185 0
1639723664.jpg 0 200 637 141 0
1639723665.jpg 0 225 637 74 1
1639723666.jpg 0 221 588 72 1
1639723667.jpg 0 220 587 75 1
1639723668.jpg 1 206 638 124 0
1639723669.jpg 0 193 637 151 0
1639723670.jpg 0 185 636 163 0
1639723671.jpg 1 184 637 148 0
1639723672.jpg 0 188 636 157 0
1639723673.jpg 0 165 637 183 0
1639723674.jpg 1 151 638 203 0
1639723675.jpg 0 134 637 221 0
1639723676.jpg 0 138 637 217 0
1639723677.jpg 0 136 637 218 0
1639723678.jpg 0 137 637 219 0
1639723679.jpg 0 132 636 226 0
1639723680.jpg 0 133 638 218 0
1639723681.jpg 0 115 637 243 0
1639723682.jpg 1 107 638 253 0
1639723683.jpg 1 111 638 251 0
1639723684.jpg 0 107 637 254 0
1639723685.jpg 0 98 638 250 0
1639723686.jpg 0 95 637 248 0
1639723687.jpg 0 99 637 244 0
1639723688.jpg 1 105 638 248 0
1639723689.jpg 1 109 638 242 0
1639723690.jpg 0 78 638 274 0
1639723691.jpg 0 85 638 263 0
1639723692.jpg 0 75 638 285 0
1639723693.jpg 0 85 638 270 0
1639723694.jpg 0 87 638 264 0
1639723695.jpg 1 108 638 240 0
1639723696.jpg 1 126 638 207 0
1639723697.jpg 0 144 637 181 0
1639723698.jpg 0 155 638 166 0
1639723699.jpg 0 164 637 148 0
1639723700.jpg 0 179 637 123 0
1639723701.jpg 0 178 637 123 0
1639723702.jpg 0 182 637 111 0
1639723705.jpg 0 172 636 123 0
1639723706.jpg 0 168 637 136 0
1639723707.jpg 0 190 637 75 1
1639723708.jpg 0 186 637 80 1
1639723709.jpg 0 187 637 80 1
1639723710.jpg 0 188 637 83 1
1639723711.jpg 0 188 637 86 1
1639723712.jpg 0 187 637 79 1
1639723714.jpg 1 168 638 134 0
1639723715.jpg 0 160 637 147 0
1639723716.jpg 0 157 637 155 0
1639723717.jpg 0 154 637 164 0
1639723718.jpg 0 149 637 172 0
1639723719.jpg 0 145 637 179 0
1639723720.jpg 0 142 637 182 0
1639723721.jpg 0 142 637 186 0
1639723722.jpg 1 127 638 205 0
1639723723.jpg 1 127 638 205 0
1639723724.jpg 1 118 638 214 0
1639723725.jpg 1 114 638 222 0
1639723726.jpg 1 108 638 226 0
1639723727.jpg 1 108 638 228 0
1639723728.jpg 1 103 638 237 0
1639723729.jpg 1 106 638 235 0
1639723730.jpg 1 106 638 235 0
1639723731.jpg 1 107 638 235 0
1639723732.jpg 0 101 637 243 0
1639723733.jpg 0 99 637 247 0
1639723734.jpg 0 91 638 256 0
1639723735.jpg 0 89 638 259 0
1639723736.jpg 0 95 637 249 0
1639723737.jpg 0 83 637 264 0
1639723738.jpg 0 88 637 264 0
1639723739.jpg 0 89 638 257 0
1639723740.jpg 0 97 637 246 0
1639723741.jpg 0 99 638 244 0
1639723742.jpg 0 78 638 273 0
1639723743.jpg 0 76 637 274 0
1639723744.jpg 0 76 638 272 0
1639723745.jpg 0 76 638 273 0
1639723746.jpg 0 75 638 272 0
1639723747.jpg 0 68 637 283 0
1639723748.jpg 0 69 638 287 0
1639723749.jpg 0 71 638 283 0
1639723750.jpg 0 67 638 290 0
1639723751.jpg 0 65 638 292 0
1639723752.jpg 0 66 638 294 0
1639723753.jpg 0 66 638 290 0
1639723754.jpg 0 83 638 266 0
1639723755.jpg 1 115 638 216 0
1639723756.jpg 1 135 638 183 0
1639723757.jpg 1 138 638 177 0
1639723758.jpg 1 138 638 176 0
1639723759.jpg 1 137 638 167 0
1639723760.jpg 1 156 638 123 0
1639723761.jpg 2 151 637 126 0
1639723762.jpg 0 140 637 132 0
1639723763.jpg 0 159 587 74 1
1639723764.jpg 0 158 587 76 1
1639723769.jpg 0 145 637 122 0
1639723770.jpg 0 124 637 155 0
1639723771.jpg 0 120 637 159 0
1639723772.jpg 1 111 637 173 0
1639723773.jpg 3 109 634 174 0
1639723774.jpg 5 104 632 184 0
1639723775.jpg 1 109 637 178 0
1639723776.jpg 0 105 637 190 0
1639723777.jpg 0 124 637 154 0
1639723778.jpg 0 139 637 124 0
1639723779.jpg 0 155 637 79 1
1639723780.jpg 0 154 587 82 1
1639723781.jpg 0 136 637 138 0
1639723782.jpg 0 125 637 155 0
1639723783.jpg 0 111 637 185 0
1639723784.jpg 1 106 638 192 0
1639723785.jpg 1 112 638 188 0
1639723786.jpg 1 113 638 188 0
1639723787.jpg 1 113 638 192 0
1639723788.jpg 1 122 638 188 0
1639723789.jpg 1 127 638 183 0
1639723790.jpg 1 100 638 205 0
1639723791.jpg 0 114 638 184 0
1639723792.jpg 0 126 638 159 0
1639723793.jpg 0 144 637 126 0
1639723794.jpg 0 159 637 77 1
1639723795.jpg 0 132 637 139 0
1639723796.jpg 0 125 637 152 0
1639723797.jpg 0 126 637 152 0
1639723798.jpg 0 151 637 114 0
1639723799.jpg 0 163 637 90 1
1639723800.jpg 0 170 637 84 1
1639723801.jpg 2 175 638 81 1
1639723802.jpg 0 182 637 79 1
1639723803.jpg 0 194 637 78 1
1639723804.jpg 0 200 637 81 1
1639723805.jpg 0 215 637 83 1
1639723806.jpg 0 223 637 82 1
1639723807.jpg 0 234 588 74 1
1639723808.jpg 0 234 637 83 1
1639723809.jpg 0 238 637 80 1
1639723810.jpg 0 247 637 76 1
1639723814.jpg 0 281 637 76 1
1639723818.jpg 0 304 638 67 1
1639723819.jpg 0 295 638 113 0
1639723820.jpg 1 291 638 125 0
1639723821.jpg 0 285 638 134 0
1639723822.jpg 0 280 636 140 0
1639723823.jpg 0 282 637 137 0
1639723824.jpg 0 293 637 116 0
1639723826.jpg 0 277 637 127 0
1639723827.jpg 0 273 637 142 0
1639723828.jpg 0 265 638 152 0
1639723829.jpg 0 259 637 159 0
1639723830.jpg 0 261 638 157 0
1639723831.jpg 0 268 638 150 0
1639723832.jpg 0 278 637 131 0
1639723833.jpg 0 274 637 136 0
1639723834.jpg 0 274 637 140 0
1639723835.jpg 0 287 637 96 0
1639723836.jpg 0 284 637 105 0
1639723837.jpg 0 282 638 80 1
1639723838.jpg 0 268 638 123 0
1639723839.jpg 1 256 638 144 0
1639723840.jpg 1 247 638 155 0
1639723841.jpg 1 240 638 170 0
1639723842.jpg 1 241 638 166 0
1639723843.jpg 1 240 634 173 0
1639723844.jpg 1 257 638 145 0
1639723846.jpg 0 278 637 77 1
1639723847.jpg 0 274 637 109 0
1639723848.jpg 0 277 637 101 0
1639723849.jpg 0 267 637 130 0
1639723850.jpg 0 255 638 145 0
1639723851.jpg 0 247 637 159 0
1639723852.jpg 0 236 637 175 0
1639723853.jpg 0 235 638 177 0
1639723854.jpg 0 237 637 173 0
1639723855.jpg 0 255 637 143 0
1639723856.jpg 0 271 637 99 0
1639723859.jpg 0 261 636 101 0
1639723860.jpg 0 265 588 73 1
1639723862.jpg 0 251 637 136 0
1639723863.jpg 0 242 637 154 0
1639723864.jpg 0 235 637 166 0
1639723865.jpg 1 231 638 178 0
1639723866.jpg 1 222 638 193 0
1639723867.jpg 1 222 638 191 0
1639723868.jpg 1 237 638 175 0
1639723869.jpg 0 246 638 159 0
1639723870.jpg 0 245 637 148 0
1639723871.jpg 0 245 637 148 0
1639723872.jpg 0 245 637 145 0
1639723875.jpg 0 253 637 119 0
1639723876.jpg 0 238 637 150 0
1639723877.jpg 0 233 637 157 0
1639723878.jpg 0 227 638 166 0
1639723879.jpg 0 209 638 190 0
1639723880.jpg 0 206 638 199 0
1639723881.jpg 0 215 638 185 0
1639723882.jpg 1 253 638 109 0
1639723883.jpg 0 253 636 107 0
1639723885.jpg 0 224 637 142 0
1639723886.jpg 0 212 638 165 0
1639723887.jpg 0 199 638 184 0
1639723888.jpg 0 195 638 198 0
1639723889.jpg 0 187 638 208 0
1639723890.jpg 0 180 637 220 0
1639723891.jpg 0 177 637 226 0
1639723892.jpg 0 185 638 211 0
1639723893.jpg 0 216 637 161 0
1639723894.jpg 0 223 637 157 0
1639723895.jpg 0 235 637 138 0
1639723896.jpg 0 258 637 73 1
1639723897.jpg 1 246 638 122 0
1639723898.jpg 1 221 638 169 0
1639723899.jpg 1 215 638 181 0
1639723900.jpg 0 211 638 192 0
1639723901.jpg 1 203 638 204 0
1639723902.jpg 1 201 638 212 0
1639723903.jpg 1 200 638 210 0
1639723904.jpg 1 236 638 145 0
1639723905.jpg 0 249 637 70 1
1639723908.jpg 0 205 638 159 0
1639723909.jpg 1 188 638 194 0
1639723910.jpg 1 183 638 202 0
1639723911.jpg 0 180 637 211 0
1639723912.jpg 0 174 637 221 0
1639723913.jpg 1 181 638 188 0
1639723914.jpg 0 207 637 141 0
1639723915.jpg 0 219 637 109 0
1639723916.jpg 0 192 637 160 0
1639723917.jpg 0 181 637 178 0
1639723918.jpg 0 170 638 197 0
1639723919.jpg 0 160 638 216 0
1639723920.jpg 0 151 638 234 0
1639723921.jpg 0 141 638 247 0
1639723922.jpg 0 133 638 267 0
1639723923.jpg 0 134 638 261 0
1639723924.jpg 0 166 638 205 0
1639723925.jpg 0 197 637 157 0
1639723926.jpg 0 221 637 122 0
1639723928.jpg 2 221 637 128 0
1639723929.jpg 0 209 637 157 0
1639723930.jpg 1 193 638 182 0
1639723931.jpg 1 182 638 197 0
1639723932.jpg 1 185 638 207 0
1639723933.jpg 0 183 636 211 0
1639723934.jpg 0 205 637 163 0
1639723935.jpg 2 223 637 124 0
1639723936.jpg 0 237 588 76 1
1639723937.jpg 0 224 638 81 1
1639723939.jpg 0 207 637 75 1
1639723940.jpg 0 187 637 135 0
1639723941.jpg 0 175 638 168 0
1639723942.jpg 0 174 638 171 0
1639723943.jpg 1 156 638 199 0
1639723944.jpg 1 146 638 214 0
1639723945.jpg 0 146 639 214 0
1639723946.jpg 1 152 638 203 0
1639723947.jpg 0 137 637 228 0
1639723948.jpg 1 129 638 243 0
1639723949.jpg 0 133 638 233 0
1639723950.jpg 1 129 638 245 0
1639723951.jpg 1 114 638 262 0
1639723952.jpg 0 110 637 269 0
1639723953.jpg 0 100 637 287 0
1639723954.jpg 0 90 638 303 0
1639723955.jpg 1 103 638 294 0
1639723956.jpg 1 100 638 300 0
1639723957.jpg 1 85 638 313 0
1639723958.jpg 1 100 638 291 0
1639723959.jpg 0 109 638 264 0
1639723960.jpg 0 131 638 237 0
1639723961.jpg 1 175 638 170 0
1639723962.jpg 1 194 638 135 0
1639723965.jpg 0 186 637 142 0
1639723966.jpg 0 184 637 154 0
1639723967.jpg 0 171 638 177 0
1639723968.jpg 0 151 638 202 0
1639723969.jpg 0 139 637 224 0
1639723970.jpg 0 124 638 248 0
1639723971.jpg 2 110 636 268 0
1639723972.jpg 1 112 637 263 0
1639723973.jpg 0 101 638 278 0
1639723974.jpg 0 92 638 296 0
1639723975.jpg 0 83 638 308 0
1639723976.jpg 0 80 638 313 0
1639723977.jpg 0 74 638 326 0
1639723978.jpg 0 75 638 318 0
1639723979.jpg 0 80 638 309 0
1639723980.jpg 0 136 637 221 0
1639723981.jpg 0 186 637 150 0
1639723982.jpg 0 208 637 123 0
1639723983.jpg 1 213 639 82 1
1639723984.jpg 0 200 637 81 1
1639723985.jpg 0 180 637 80 1
1639723986.jpg 0 176 637 85 1
1639723988.jpg 1 185 638 85 1
1639723990.jpg 1 169 638 123 0
1639723991.jpg 2 153 637 122 0
1639723992.jpg 0 125 637 159 0
1639723993.jpg 0 106 632 189 0
1639723994.jpg 1 102 629 197 0
1639723995.jpg 0 115 637 170 0
1639723996.jpg 1 102 638 188 0
1639723997.jpg 1 96 638 192 0
1639723998.jpg 0 91 638 197 0
1639723999.jpg 1 72 638 222 0
1639724000.jpg 0 128 637 137 0
1639724001.jpg 0 147 637 118 0
1639724002.jpg 0 154 587 79 1
1639724003.jpg 0 111 637 164 0
1639724004.jpg 0 93 638 194 0
1639724005.jpg 0 83 638 210 0
1639724006.jpg 0 74 638 230 0
1639724007.jpg 0 72 638 227 0
1639724008.jpg 0 67 638 239 0
1639724009.jpg 0 82 638 213 0
1639724010.jpg 0 131 637 128 0
1639724011.jpg 0 137 637 108 0
1639724012.jpg 0 143 637 83 1
1639724014.jpg 0 115 637 130 0
1639724015.jpg 0 71 638 201 0
1639724016.jpg 1 65 638 211 0
1639724017.jpg 0 103 637 148 0
1639724018.jpg 0 127 637 104 0
1639724020.jpg 0 106 637 154 0
1639724021.jpg 1 92 638 176 0
1639724022.jpg 1 89 638 179 0
1639724023.jpg 1 81 638 189 0
1639724024.jpg 1 79 637 191 0
1639724025.jpg 0 97 637 163 0
1639724026.jpg 0 133 587 83 1
1639724029.jpg 1 112 638 155 0
1639724030.jpg 0 117 637 121 0
1639724032.jpg 0 140 636 84 1
1639724034.jpg 2 198 637 119 0
1639724035.jpg 0 229 587 88 1
1639724036.jpg 0 241 637 82 1
1639724037.jpg 0 241 637 77 1
1639724038.jpg 0 243 637 80 1
1639724040.jpg 0 239 637 149 0
1639724041.jpg 0 229 638 165 0
1639724042.jpg 0 224 637 178 0
1639724043.jpg 1 222 638 183 0
1639724044.jpg 1 232 638 181 0
1639724045.jpg 1 234 638 179 0
1639724046.jpg 1 238 638 176 0
1639724047.jpg 1 234 637 178 0
1639724048.jpg 1 235 638 168 0
1639724050.jpg 0 251 637 120 0
1639724052.jpg 2 282 638 74 1
1639724053.jpg 0 271 637 136 0
1639724054.jpg 1 274 638 137 0
1639724055.jpg 1 267 638 147 0
1639724056.jpg 0 292 638 71 1
1639724057.jpg 0 275 636 131 0
1639724058.jpg 0 271 637 138 0
1639724059.jpg 0 271 637 139 0
1639724060.jpg 0 268 637 143 0
1639724061.jpg 0 271 637 138 0
1639724062.jpg 0 270 637 138 0
1639724064.jpg 0 278 638 130 0
1639724065.jpg 1 274 638 137 0
1639724066.jpg 1 274 638 137 0
1639724067.jpg 0 272 636 124 0
1639724068.jpg 0 278 636 125 0
1639724069.jpg 0 284 637 135 0
1639724070.jpg 0 292 636 121 0
1639724071.jpg 0 298 636 106 0
1639724072.jpg 0 295 636 101 0
1639724073.jpg 0 245 637 132 0
1639724074.jpg 0 241 637 136 0
1639724075.jpg 0 238 637 137 0
1639724077.jpg 1 223 638 185 0
1639724078.jpg 1 222 638 191 0
1639724079.jpg 1 213 638 200 0
1639724080.jpg 0 229 638 163 0
1639724081.jpg 0 261 588 87 1
1639724083.jpg 0 245 637 131 0
1639724084.jpg 0 236 637 145 0
1639724085.jpg 0 220 638 173 0
1639724086.jpg 0 217 637 188 0
1639724087.jpg 0 212 638 194 0
1639724088.jpg 0 223 638 169 0
1639724089.jpg 0 254 637 118 0
1639724090.jpg 0 253 637 110 0
1639724091.jpg 0 251 637 100 0
1639724093.jpg 0 252 637 85 1
1639724094.jpg 0 272 637 82 1
1639724095.jpg 0 268 637 101 0
1639724096.jpg 0 248 637 73 1
1639724098.jpg 0 198 638 149 0
1639724099.jpg 1 169 638 209 0
1639724100.jpg 1 148 638 242 0
1639724101.jpg 1 147 638 254 0
1639724102.jpg 1 143 638 265 0
1639724103.jpg 0 191 638 169 0
1639724106.jpg 0 131 638 192 0
1639724107.jpg 0 119 638 223 0
1639724108.jpg 0 121 638 221 0
1639724109.jpg 0 114 638 232 0
1639724110.jpg 0 115 638 231 0
1639724111.jpg 0 106 638 249 0
1639724112.jpg 0 88 638 279 0
1639724113.jpg 0 136 638 206 0
1639724115.jpg 0 185 638 81 1
1639724116.jpg 0 168 637 78 1
1639724117.jpg 0 166 637 82 1
1639724118.jpg 0 120 637 171 0
1639724119.jpg 0 113 637 182 0
1639724120.jpg 0 141 637 146 0
1639724121.jpg 1 81 637 244 0
1639724122.jpg 0 60 635 253 0
1639724123.jpg 1 106 638 218 0
1639724124.jpg 0 170 637 135 0
1639724126.jpg 0 203 637 82 1
1639724130.jpg 0 189 588 84 1
1639724133.jpg 0 212 637 131 0
1639724134.jpg 0 198 637 165 0
1639724135.jpg 1 179 638 214 0
1639724136.jpg 1 163 638 240 0
1639724137.jpg 1 177 638 220 0
1639724138.jpg 1 189 638 199 0
1639724139.jpg 1 199 638 184 0
1639724140.jpg 1 212 638 165 0
1639724141.jpg 1 224 638 151 0
1639724142.jpg 1 228 638 145 0
1639724143.jpg 1 226 638 141 0
1639724144.jpg 1 224 638 140 0
1639724145.jpg 1 222 638 142 0
1639724147.jpg 0 216 637 142 0
1639724148.jpg 0 194 637 171 0
1639724149.jpg 0 174 637 205 0
1639724150.jpg 0 169 638 215 0
1639724151.jpg 0 147 637 252 0
1639724152.jpg 0 140 637 270 0
1639724153.jpg 0 189 637 175 0
1639724154.jpg 0 223 637 109 0
1639724157.jpg 1 242 638 126 0
1639724158.jpg 2 265 637 105 0
1639724159.jpg 0 242 637 148 0
1639724160.jpg 1 231 638 147 0
1639724161.jpg 0 228 637 135 0
1639724163.jpg 2 242 637 76 1
1639724164.jpg 0 215 638 166 0
1639724165.jpg 0 205 638 193 0
1639724166.jpg 0 201 638 206 0
1639724167.jpg 0 204 638 212 0
1639724168.jpg 0 224 637 170 0
1639724169.jpg 0 237 637 144 0
1639724170.jpg 0 251 637 134 0
1639724171.jpg 0 264 589 70 1
1639724172.jpg 2 267 637 109 0
1639724173.jpg 0 238 637 123 0
1639724174.jpg 0 209 637 149 0
1639724175.jpg 1 175 637 201 0
1639724176.jpg 0 190 634 177 0
1639724177.jpg 1 174 638 205 0
1639724178.jpg 1 156 638 244 0
1639724179.jpg 1 150 638 255 0
1639724180.jpg 0 160 637 231 0
1639724181.jpg 1 146 638 236 0
1639724182.jpg 1 146 638 234 0
1639724183.jpg 0 138 637 223 0
1639724184.jpg 0 132 637 218 0
1639724185.jpg 1 116 638 228 0
1639724186.jpg 1 111 638 219 0
1639724187.jpg 1 109 638 214 0
1639724188.jpg 1 105 638 210 0
1639724189.jpg 0 100 637 208 0
1639724190.jpg 1 120 638 187 0
1639724191.jpg 0 123 637 171 0
1639724192.jpg 0 139 637 150 0
1639724193.jpg 0 133 637 153 0
1639724194.jpg 1 149 638 130 0
1639724197.jpg 0 152 637 114 0
1639724198.jpg 0 149 637 122 0
1639724199.jpg 2 154 637 113 0
1639724200.jpg 0 164 637 78 1
1639724201.jpg 0 145 637 135 0
1639724202.jpg 0 124 637 163 0
1639724203.jpg 0 117 638 185 0
1639724204.jpg 2 92 637 224 0
1639724205.jpg 0 108 638 196 0
1639724206.jpg 1 99 638 216 0
1639724207.jpg 0 125 637 169 0
1639724208.jpg 0 135 637 128 0
1639724209.jpg 0 134 637 132 0
1639724210.jpg 0 133 638 127 0
1639724212.jpg 0 130 637 119 0
1639724214.jpg 0 118 637 105 0
1639724215.jpg 0 105 638 123 0
1639724216.jpg 0 86 638 132 0
1639724217.jpg 0 101 637 105 0
1639724220.jpg 0 67 638 155 0
1639724221.jpg 0 61 638 213 0
1639724222.jpg 0 69 638 173 0
1639724224.jpg 0 88 626 133 0
1639724227.jpg 0 102 637 111 0
1639724229.jpg 0 70 635 176 0
1639724230.jpg 0 74 637 168 0
1639724235.jpg 0 89 636 88 1
1639724237.jpg 0 108 637 79 1
1639724238.jpg 0 110 637 130 0
1639724239.jpg 0 101 638 157 0
1639724241.jpg 0 107 637 124 0
1639724242.jpg 0 119 634 113 0
1639724243.jpg 0 84 616 170 0
1639724245.jpg 0 110 609 107 0
1639724247.jpg 0 128 637 100 0
1639724248.jpg 0 164 637 71 1
1639724251.jpg 0 174 588 75 1
1639724253.jpg 0 124 637 171 0
1639724254.jpg 1 116 638 206 0
1639724255.jpg 0 122 638 191 0
1639724256.jpg 0 145 637 189 0
1639724257.jpg 0 130 638 186 0
1639724258.jpg 1 119 638 208 0
1639724259.jpg 0 132 638 190 0
1639724260.jpg 0 132 638 200 0
1639724261.jpg 0 171 637 133 0
1639724262.jpg 1 168 638 133 0
1639724263.jpg 0 144 637 176 0
1639724264.jpg 0 139 637 178 0
1639724265.jpg 0 118 636 210 0
1639724266.jpg 0 136 636 173 0
1639724267.jpg 1 114 638 214 0
1639724268.jpg 1 132 638 200 0
1639724269.jpg 1 107 638 235 0
1639724270.jpg 0 97 637 246 0
1639724271.jpg 1 108 638 243 0
1639724272.jpg 1 105 638 249 0
1639724273.jpg 0 89 637 256 0
1639724274.jpg 0 89 636 262 0
1639724275.jpg 0 93 637 252 0
1639724276.jpg 1 120 638 204 0
1639724277.jpg 1 141 638 171 0
1639724278.jpg 0 181 637 131 0
1639724279.jpg 0 182 637 119 0
1639724280.jpg 0 171 637 124 0
1639724281.jpg 0 159 637 148 0
1639724282.jpg 0 160 637 150 0
1639724283.jpg 0 159 637 140 0
1639724284.jpg 0 160 637 136 0
1639724285.jpg 0 147 637 160 0
1639724286.jpg 0 135 638 184 0
1639724287.jpg 0 128 638 195 0
1639724288.jpg 0 137 638 181 0
1639724289.jpg 0 173 637 117 0
1639724290.jpg 0 178 636 80 1
1639724292.jpg 0 175 637 75 1
1639724293.jpg 0 142 637 159 0
1639724294.jpg 1 117 638 198 0
1639724295.jpg 0 125 638 180 0
1639724297.jpg 0 142 638 159 0
1639724298.jpg 1 116 638 197 0
1639724299.jpg 1 121 638 199 0
1639724300.jpg 1 137 638 185 0
1639724301.jpg 0 183 588 96 1
1639724302.jpg 0 196 637 78 1
1639724303.jpg 0 179 637 116 0
1639724304.jpg 0 159 637 144 0
1639724305.jpg 0 127 638 188 0
1639724306.jpg 0 112 638 217 0
1639724307.jpg 1 122 638 187 0
1639724309.jpg 0 146 637 168 0
1639724310.jpg 1 167 638 125 0
1639724311.jpg 0 183 637 78 1
1639724312.jpg 0 185 638 81 1
1639724313.jpg 0 196 638 75 1
1639724314.jpg 0 194 588 76 1
1639724315.jpg 0 194 588 75 1
1639724316.jpg 0 190 638 76 1
1639724317.jpg 0 187 638 114 0
1639724318.jpg 0 197 637 79 1
1639724320.jpg 0 201 637 74 1
1639724321.jpg 0 202 637 78 1
1639724322.jpg 0 201 637 76 1
1639724323.jpg 0 202 637 78 1
1639724324.jpg 0 202 637 79 1
1639724325.jpg 0 209 637 75 1
1639724326.jpg 0 206 637 75 1
1639724327.jpg 0 192 588 73 1
1639724328.jpg 0 189 588 78 1
1639724329.jpg 0 187 638 77 1
1639724330.jpg 0 181 637 77 1
1639724331.jpg 0 174 637 73 1
1639724332.jpg 0 166 637 74 1
1639724334.jpg 0 155 637 72 1
1639724335.jpg 0 148 638 79 1
1639724337.jpg 0 142 637 79 1
1639724338.jpg 0 148 638 77 1
1639724340.jpg 0 166 637 77 1
1639724341.jpg 0 179 637 78 1
1639724342.jpg 0 185 638 76 1
1639724343.jpg 0 191 588 84 1
1639724344.jpg 0 201 637 75 1
1639724345.jpg 0 201 587 78 1
1639724346.jpg 0 214 636 79 1
1639724347.jpg 0 227 637 81 1
1639724348.jpg 0 247 638 76 1
1639724349.jpg 0 262 638 77 1
1639724351.jpg 0 233 637 108 0
1639724352.jpg 0 220 637 117 0
1639724353.jpg 2 228 637 120 0
1639724354.jpg 0 254 588 74 1
1639724355.jpg 0 258 637 75 1
1639724356.jpg 0 262 588 74 1
1639724357.jpg 0 266 638 72 1
1639724358.jpg 0 283 638 73 1
1639724359.jpg 0 290 637 76 1
1639724362.jpg 0 322 637 67 1
1639724363.jpg 0 311 638 72 1
1639724364.jpg 0 301 588 67 1
1639724367.jpg 0 273 588 71 1
1639724368.jpg 0 240 587 80 1
1639724371.jpg 0 200 637 86 1
1639724372.jpg 0 191 637 76 1
1639724373.jpg 0 168 637 120 0
1639724374.jpg 0 123 638 207 0
1639724375.jpg 0 127 638 210 0
1639724376.jpg 0 177 637 125 0
1639724377.jpg 1 163 638 180 0
1639724378.jpg 0 129 637 239 0
1639724379.jpg 1 112 638 262 0
1639724380.jpg 1 102 638 278 0
1639724381.jpg 1 108 638 270 0
1639724382.jpg 1 157 638 204 0
1639724383.jpg 0 201 637 144 0
1639724384.jpg 0 234 637 78 1
1639724385.jpg 0 198 637 153 0
1639724386.jpg 0 192 637 170 0
1639724387.jpg 0 185 637 193 0
1639724388.jpg 0 240 637 78 1
1639724389.jpg 1 192 638 197 0
1639724390.jpg 1 177 638 228 0
1639724391.jpg 1 183 638 229 0
1639724392.jpg 1 209 638 179 0
1639724393.jpg 0 251 637 76 1
1639724394.jpg 0 221 637 141 0
1639724395.jpg 0 202 637 171 0
1639724396.jpg 0 226 637 143 0
1639724397.jpg 0 222 637 128 0
1639724399.jpg 1 199 638 136 0
1639724400.jpg 0 173 638 176 0
1639724401.jpg 1 149 638 202 0
1639724403.jpg 0 179 637 159 0
1639724404.jpg 3 148 636 209 0
1639724405.jpg 0 161 637 167 0
1639724406.jpg 0 125 638 227 0
1639724407.jpg 0 115 638 245 0
1639724408.jpg 0 170 637 165 0
1639724409.jpg 0 226 588 78 1
1639724410.jpg 0 237 637 85 1
1639724413.jpg 2 209 638 75 1
1639724414.jpg 0 205 588 89 1
1639724415.jpg 0 198 637 123 0
1639724416.jpg 0 195 637 123 0
1639724417.jpg 0 184 637 142 0
1639724418.jpg 0 178 637 144 0
1639724419.jpg 1 179 638 155 0
1639724420.jpg 0 164 637 182 0
1639724421.jpg 0 163 638 183 0
1639724423.jpg 2 215 638 82 1
1639724426.jpg 0 269 588 72 1
1639724427.jpg 2 280 638 75 1
1639724430.jpg 0 254 637 75 1
1639724431.jpg 2 226 637 108 0
1639724433.jpg 0 210 636 74 1
1639724435.jpg 0 190 587 77 1
1639724437.jpg 0 151 637 78 1
1639724439.jpg 0 154 637 72 1
1639724440.jpg 0 161 637 75 1
1639724443.jpg 0 177 637 101 0
1639724445.jpg 2 139 637 180 0
1639724446.jpg 0 151 637 149 0
1639724447.jpg 0 110 638 219 0
1639724448.jpg 0 94 638 234 0
1639724449.jpg 2 171 638 83 1
1639724450.jpg 0 164 637 121 0
1639724451.jpg 1 146 638 147 0
1639724452.jpg 1 127 638 179 0
1639724453.jpg 1 119 638 191 0
1639724454.jpg 1 111 638 209 0
1639724455.jpg 1 113 638 205 0
1639724456.jpg 1 136 638 163 0
1639724457.jpg 1 136 638 165 0
17_14_08_08.jpg 0 285 637 75 1
17_14_08_15.jpg 0 285 637 77 1
17_14_08_16.jpg 0 285 637 76 1
17_14_08_28.jpg 0 260 637 144 0
17_14_08_33.jpg 0 261 637 141 0
17_14_08_44.jpg 0 250 638 165 0
17_14_08_59.jpg 0 234 638 182 0
17_14_09_43.jpg 1 274 638 139 0
17_14_09_46.jpg 1 274 638 140 0
17_14_09_51.jpg 1 263 638 155 0
17_14_10_04.jpg 1 245 638 155 0
17_14_10_12.jpg 2 259 637 128 0
17_14_10_18.jpg 1 232 638 182 0
17_14_10_24.jpg 1 224 638 192 0
17_14_10_25.jpg 1 226 638 191 0
17_14_10_33.jpg 0 233 637 150 0
17_14_10_35.jpg 0 234 638 151 0
17_14_10_36.jpg 0 234 638 150 0
17_14_10_42.jpg 0 210 638 190 0
17_14_10_48.jpg 0 208 638 191 0
17_14_10_58.jpg 0 200 638 206 0
17_14_11_01.jpg 0 202 638 204 0
17_14_11_09.jpg 0 192 638 215 0
17_14_11_10.jpg 0 193 638 213 0
17_14_11_20.jpg 0 172 638 212 0
17_14_11_21.jpg 0 172 638 213 0
17_14_11_31.jpg 0 166 638 221 0
17_14_11_32.jpg 0 166 638 223 0
17_14_11_52.jpg 0 143 638 258 0
17_14_11_57.jpg 0 137 638 269 0
17_14_11_58.jpg 0 136 638 269 0
17_14_12_08.jpg 0 205 638 151 0
17_14_12_11.jpg 0 206 637 150 0
17_14_12_12.jpg 0 204 637 151 0
17_14_12_20.jpg 1 186 638 202 0
17_14_12_21.jpg 1 187 638 200 0
17_14_12_29.jpg 1 191 638 199 0
17_14_12_34.jpg 1 188 638 201 0
17_14_12_40.jpg 1 205 638 170 0
17_14_12_41.jpg 1 207 638 169 0
17_14_12_53.jpg 1 169 638 238 0
17_14_12_59.jpg 1 170 637 235 0
17_14_13_00.jpg 1 170 637 236 0
17_14_13_16.jpg 1 141 638 219 0
17_14_13_17.jpg 1 140 637 218 0
17_14_13_39.jpg 1 108 638 274 0
17_14_13_40.jpg 0 111 637 271 0
17_14_13_42.jpg 0 110 638 273 0
17_14_13_49.jpg 1 139 638 233 0
17_14_13_55.jpg 1 161 638 190 0
17_14_13_56.jpg 1 161 638 191 0
17_14_14_03.jpg 1 85 638 312 0
17_14_14_04.jpg 1 86 638 314 0
17_14_14_06.jpg 1 87 638 315 0
17_14_14_08.jpg 1 89 638 309 0
17_14_14_15.jpg 1 85 638 320 0
17_14_14_16.jpg 1 87 638 317 0
17_14_14_26.jpg 0 196 637 133 0
17_14_14_29.jpg 0 194 637 135 0
17_14_14_30.jpg 0 195 637 133 0
17_14_14_50.jpg 0 111 637 256 0
17_14_14_56.jpg 1 143 638 204 0
17_14_15_01.jpg 0 118 638 246 0
17_14_15_07.jpg 0 102 638 272 0
17_14_15_08.jpg 0 100 638 275 0
17_14_15_12.jpg 0 104 638 276 0
17_14_15_17.jpg 0 78 638 311 0
17_14_15_18.jpg 0 77 638 311 0
17_14_15_26.jpg 0 78 638 311 0
17_14_15_27.jpg 0 79 638 310 0
17_14_15_46.jpg 0 74 638 293 0
17_14_15_52.jpg 0 99 638 253 0
17_14_15_53.jpg 0 100 638 250 0
17_14_15_58.jpg 0 116 638 223 0
17_14_15_59.jpg 0 118 638 222 0
17_14_16_04.jpg 0 141 638 183 0
17_14_16_09.jpg 0 155 637 160 0
17_14_16_19.jpg 0 162 634 156 0
17_14_16_20.jpg 0 163 634 156 0
17_14_16_41.jpg 1 138 638 198 0
17_14_16_50.jpg 1 138 638 197 0
17_14_16_55.jpg 1 118 638 232 0
17_14_16_57.jpg 1 119 638 228 0
17_14_16_58.jpg 1 117 638 232 0
17_14_17_10.jpg 0 117 638 235 0
17_14_17_11.jpg 1 120 638 238 0
17_14_17_21.jpg 1 107 638 258 0
17_14_17_22.jpg 1 106 638 259 0
17_14_17_26.jpg 1 92 638 282 0
17_14_17_30.jpg 1 86 638 296 0
17_14_17_33.jpg 1 77 638 311 0
17_14_17_36.jpg 1 69 638 320 0
17_14_17_37.jpg 1 70 638 320 0
17_14_17_42.jpg 1 78 638 313 0
17_14_17_53.jpg 0 120 638 227 0
17_14_17_57.jpg 0 160 638 161 0
17_14_17_58.jpg 0 160 638 162 0
17_14_18_05.jpg 0 193 587 78 1
17_14_18_06.jpg 0 193 587 81 1
17_14_18_12.jpg 0 162 637 151 0
17_14_18_16.jpg 0 149 637 172 0
17_14_18_17.jpg 0 149 637 171 0
17_14_18_36.jpg 0 133 638 209 0
17_14_18_40.jpg 0 113 638 243 0
17_14_18_41.jpg 0 113 638 243 0
17_14_18_45.jpg 0 89 638 282 0
17_14_18_50.jpg 0 76 638 301 0
17_14_18_51.jpg 0 76 638 305 0
17_14_18_52.jpg 0 75 638 300 0
17_14_18_56.jpg 0 69 638 316 0
17_14_18_57.jpg 0 70 638 313 0
17_14_19_01.jpg 0 70 638 316 0
17_14_19_13.jpg 0 68 638 322 0
17_14_19_14.jpg 0 66 638 326 0
17_14_19_16.jpg 0 67 638 324 0
17_14_19_31.jpg 0 72 638 285 0
17_14_19_32.jpg 0 73 638 281 0
17_14_19_35.jpg 0 88 637 252 0
17_14_19_36.jpg 0 88 637 253 0
17_14_19_41.jpg 0 102 638 229 0
17_14_19_45.jpg 0 126 638 189 0
17_14_19_46.jpg 0 125 638 191 0
17_14_19_49.jpg 0 143 638 161 0
17_14_19_50.jpg 0 142 638 162 0
17_14_19_54.jpg 0 142 638 160 0
17_14_19_58.jpg 0 163 636 125 0
17_14_20_32.jpg 0 171 637 81 1
17_14_20_37.jpg 2 149 637 141 0
17_14_20_40.jpg 1 129 638 171 0
17_14_20_41.jpg 1 129 638 171 0
17_14_20_44.jpg 1 109 638 202 0
17_14_20_45.jpg 1 107 638 205 0
17_14_20_48.jpg 0 91 637 223 0
17_14_20_51.jpg 0 82 638 242 0
17_14_20_52.jpg 0 77 638 248 0
17_14_20_53.jpg 1 80 638 247 0
17_14_21_09.jpg 1 67 638 272 0
17_14_21_14.jpg 0 62 638 277 0
17_14_21_19.jpg 0 62 638 282 0
17_14_21_20.jpg 0 62 638 284 0
17_14_22_42.jpg 1 108 638 164 0
17_14_22_44.jpg 1 108 638 164 0
17_14_22_56.jpg 0 125 637 144 0
17_14_23_00.jpg 0 124 638 158 0
17_14_26_04.jpg 2 75 637 80 1
17_14_26_06.jpg 0 71 637 74 1
17_14_26_07.jpg 0 71 637 75 1
17_14_27_11.jpg 1 70 638 190 0
17_14_27_13.jpg 0 68 638 187 0
17_14_27_18.jpg 0 69 638 168 0
17_14_27_19.jpg 0 70 638 165 0
17_14_27_33.jpg 0 75 638 176 0
17_14_27_34.jpg 0 77 638 172 0
17_14_27_35.jpg 0 70 638 176 0
17_14_27_48.jpg 0 98 638 180 0
17_14_27_49.jpg 0 100 638 176 0
17_14_27_53.jpg 1 84 638 192 0
17_14_27_54.jpg 0 82 638 194 0
17_14_27_57.jpg 0 68 638 193 0
17_14_28_00.jpg 0 64 638 193 0
17_14_28_03.jpg 0 64 638 191 0
17_14_28_54.jpg 0 73 637 82 1
17_14_28_55.jpg 0 71 636 79 1
17_14_28_57.jpg 0 68 635 83 1
17_14_28_59.jpg 0 65 637 77 1
17_14_29_03.jpg 0 76 637 90 1
17_14_29_34.jpg 0 156 588 76 1
17_14_29_35.jpg 0 150 588 77 1
17_14_29_38.jpg 0 164 587 77 1
17_14_29_45.jpg 0 154 587 77 1
17_14_29_46.jpg 0 152 588 74 1
17_14_29_48.jpg 0 154 588 70 1
17_14_29_51.jpg 0 148 637 72 1
17_14_29_52.jpg 0 154 588 70 1
17_14_29_53.jpg 0 156 588 73 1
17_14_29_55.jpg 0 156 638 69 1
17_14_29_56.jpg 0 158 588 69 1
17_14_29_57.jpg 0 155 587 71 1
17_14_30_04.jpg 0 156 588 76 1
17_14_30_05.jpg 0 155 588 74 1
17_14_30_09.jpg 0 170 587 74 1
17_14_30_10.jpg 0 175 587 76 1
17_14_30_12.jpg 0 179 587 73 1
17_14_30_13.jpg 0 176 637 76 1
17_14_30_14.jpg 0 179 587 71 1
17_14_30_15.jpg 0 174 587 77 1
17_14_30_16.jpg 0 178 588 72 1
17_14_30_17.jpg 0 185 588 72 1
17_14_30_18.jpg 0 183 588 72 1
17_14_30_19.jpg 0 182 638 74 1
17_14_30_20.jpg 0 181 588 71 1
17_14_30_21.jpg 0 180 588 70 1
17_14_30_22.jpg 0 181 588 69 1
17_14_30_23.jpg 0 186 638 71 1
17_14_30_25.jpg 0 202 587 67 1
17_14_30_27.jpg 0 194 588 74 1
17_14_30_28.jpg 0 192 588 71 1
17_14_30_31.jpg 0 194 588 69 1
17_14_30_50.jpg 0 269 637 74 1
17_14_30_51.jpg 0 270 637 78 1
17_14_30_52.jpg 0 271 637 77 1
17_14_30_57.jpg 2 285 638 72 1
17_14_30_58.jpg 0 285 637 75 1
17_14_30_59.jpg 0 285 588 71 1
17_14_31_00.jpg 0 285 637 72 1
17_14_31_01.jpg 0 284 588 75 1
17_14_31_02.jpg 0 283 588 74 1
17_14_31_07.jpg 2 282 638 73 1
17_14_31_09.jpg 0 290 637 77 0
17_14_31_13.jpg 0 281 637 87 0
17_14_31_14.jpg 0 278 637 91 0
17_14_35_54.jpg 2 155 637 111 0
17_14_35_56.jpg 2 156 637 110 0
17_14_35_57.jpg 2 155 637 112 0
17_14_36_00.jpg 2 155 637 111 0
17_14_36_01.jpg 2 155 637 109 0
17_14_36_02.jpg 2 156 637 108 0
17_14_36_03.jpg 6 170 630 78 1
17_14_36_04.jpg 0 167 636 72 1
17_14_36_05.jpg 0 145 637 133 0
17_14_36_06.jpg 1 119 638 178 0
17_14_36_07.jpg 0 129 637 161 0
17_14_36_08.jpg 0 128 638 163 0
17_14_36_09.jpg 0 127 638 165 0
17_14_36_10.jpg 0 127 638 166 0
17_14_36_11.jpg 0 126 638 166 0
17_14_36_12.jpg 0 125 638 169 0
17_14_36_13.jpg 0 125 638 165 0
17_14_36_14.jpg 0 127 638 164 0
17_14_36_15.jpg 0 125 638 168 0
17_14_36_16.jpg 0 127 638 166 0
17_14_36_17.jpg 0 126 638 166 0
17_14_36_18.jpg 0 126 638 166 0
17_14_36_19.jpg 0 126 638 166 0
17_14_36_20.jpg 0 126 638 167 0
19.jpg 0 153 588 87 1
2.jpg 0 201 637 80 1
20.jpg 0 153 588 89 1
26.jpg 0 174 637 82 1
28.jpg 0 111 636 106 0
3.jpg 0 196 588 79 1
30.jpg 0 78 586 83 1
31.jpg 0 75 585 84 1
32.jpg 0 72 636 82 1
33.jpg 0 73 637 80 1
35.jpg 0 74 587 83 1
36.jpg 0 68 635 85 1
4.jpg 0 189 588 84 1
5.jpg 0 185 638 75 1
6.jpg 0 184 587 76 1
7.jpg 0 175 637 78 1
8.jpg 0 169 637 84 1
820.jpg 0 144 638 163 0
821.jpg 0 144 638 166 0
9.jpg 0 169 637 85 1
